#
# gridID 1
#
gridtype  = lonlat
gridsize  = 696
xsize     = 24
ysize     = 29
xname     = lon
xlongname = "Longitude"
xunits    = "degrees_east"
yname     = lat
ylongname = "Latitude"
yunits    = "degrees_north"
xfirst    = 110.625
xinc      = 1.875
xbounds   = 109.6875 111.5625 
            111.5625 113.4375 
            113.4375 115.3125 
            115.3125 117.1875 
            117.1875 119.0625 
            119.0625 120.9375 
            120.9375 122.8125 
            122.8125 124.6875 
            124.6875 126.5625 
            126.5625 128.4375 
            128.4375 130.3125 
            130.3125 132.1875 
            132.1875 134.0625 
            134.0625 135.9375 
            135.9375 137.8125 
            137.8125 139.6875 
            139.6875 141.5625 
            141.5625 143.4375 
            143.4375 145.3125 
            145.3125 147.1875 
            147.1875 149.0625 
            149.0625 150.9375 
            150.9375 152.8125 
            152.8125 154.6875 
yfirst    = -45
yinc      = 1.25
ybounds   = -45.625 -44.375 
            -44.375 -43.125 
            -43.125 -41.875 
            -41.875 -40.625 
            -40.625 -39.375 
            -39.375 -38.125 
            -38.125 -36.875 
            -36.875 -35.625 
            -35.625 -34.375 
            -34.375 -33.125 
            -33.125 -31.875 
            -31.875 -30.625 
            -30.625 -29.375 
            -29.375 -28.125 
            -28.125 -26.875 
            -26.875 -25.625 
            -25.625 -24.375 
            -24.375 -23.125 
            -23.125 -21.875 
            -21.875 -20.625 
            -20.625 -19.375 
            -19.375 -18.125 
            -18.125 -16.875 
            -16.875 -15.625 
            -15.625 -14.375 
            -14.375 -13.125 
            -13.125 -11.875 
            -11.875 -10.625 
            -10.625 -9.375 

